100.0
200.0
300.0
100.0
200.0
100.0
200.0
100.0
200.0
100.0
100.0
100.0
200.0
100.0
200.0
300.0
10.0
100.0
100.0
100.0
200.0
100.0
100.0
200.0
100.0
1500.0
100.0
100.0
100.0
100.0
100.0
100.0
100.0
100.0
100.0
100.0
100.0
100.0
200.0
100.0
100.0
200.0
5000.0
100.0
100.0
100.0
100.0
100.0
100.0
500.0
100.0
100.0
100.0
500.0
200.0
15.0
5000.0
15.5
500.0
5000.0
1000.0
1000.0
1000.0
5000.0
5000.0
100000.0
5000.0
5000.0
150000.0
10000.0
5000000.0
5000.0
500.0
15.5
500000.0
50000.0
500000.0
5000.0
5000.0
5000.0
5000.0
5000.0
500.0
5000.0
510.0
500.0
50.0
540.0
